
1001128012
1001128013
1001128022
1001128023
1001128025
1001128026
1001128027
1001128028
1001128033
1001128035
1001128036
1001128037
1001128038
1001128043
1001128044
1001128045
1001128050
1001128051
1001128053
1001128055
1001128057
1001128061
1001128062
1001128063
1001128065
1001128066
1001128067
1001128071
1001128072
1001128078
1001128080
1001128088
1001128093
1001128098
1001128105
1001128115
1001128118
1001128120
1001128131
1001128132
1001128134
1001128135
1001128136
1001128138
1001128142
1001128144
1001128147
1001128148
1001128151
1001128154
1001128158
1001128160
1001128164
1001128169
1001128171
1001128173
1001128177
1001128178
1001128186
1001128190
1001128192
1001128196
1001128197
1001128198
1001128199
1001128205
1001128209
1001128215
1001128220
1001128222
1001128225
1001128226
1001128229
1001128232
1001128234
1001128237
1001128239
1001128244
1001128247
1001128248
1001128249
1001128253
1001128254
1001128257
1001128262
1001128265
1001128268
1001128270
1001128272
1001128273
1001128275
1001128277
1001128278
1001128279
1001128281
1001128282
1001128284
1001128287
1001128288
1001128293
1001128296
1001128297
1001128300
1001128301
1001128305
1001128306
1001128307
1001128312
1001128314
1001128316
1001128317
1001128319
1001128323
1001128330
1001128331
1001128334
1001128340
1001128343
1001128344
1001128345
1001128346
1001128350
1001128351
1001128353
1001128354
1001128355
1001128362
1001128364
1001128370
1001128371
1001128375
1001128379
1001128380
1001128388
1001128390
1001128391
1001128392
1001128397
1001128401
1001128404
1001128406
1001128409
1001128410
1001128411
1001128412
1001128416
1001128417
1001128418
1001128419
1001128421
1001128424
1001128431
1001128432
1001128435
1001128438
1001128441
1001128445
1001128450
1001128452
1001128456
1001128457
1001128459
1001128460
1001128466
1001128470
1001128472
1001128475
1001128476
1001128479
1001128481
1001128482
1001128489
1001128491
1001128495
1001128496
1001128498
1001128502
1001128505
1001128506
1001128507
1001128513
1001128514
1001128523
1001128530
1001128531
1001128534
1001128535
1001128539
1001128540
1001128543
1001128546
1001128549
1001128552
1001128553
1001128554
1001128555
1001128561
1001128563
1001128564
1001128565
1001128566
1001128570
1001128573
1001128576
1001128579
1001128580
1001128581
1001128584
1001128585
1001128588
1001128592
1001128593
1001128595
1001128602
1001128605
1001128612
1001128615
1001128616
1001128617
1001128622
1001128624
1001128627
1001128633
1001128634
1001128636
1001128638
1001128640
1001128644
1001128645
1001128647
1001128652
1001128654
1001128656
1001128657
1001128658
1001128659
1001128660
1001128664
1001128667
1001128669
1001128676
1001128681
1001128682
1001128684
1001128688
1001128700
1001128701
1001128703
1001128708
1001128710
1001128713
1001128715
1001128718
1001128720
1001128723
1001128724
1001128726
1001128727
1001128734
1001128735
1001128736
1001128748
1001128749
1001128751
1001128754
1001128755
1001128759
1001128760
1001128767
1001128770
1001128773
1001128780
1001128781
1001128782
1001128790
1001128792
1001128794
1001128797
1001128798
1001128799
1001128801
1001128807
1001128813
1001128814
1001128818
1001128820
1001128828
1001128829
1001128831
1001128836
1001128839
1001128842
1001128845
1001128848
1001128849
1001128850
1001128851
1001128860
1001128869
1001128870
1001128873
1001128879
1001128885
1001128886
1001128888
1001128891
1001128892
1001128896
1001128899
1001128900
1001128901
1001128907
1001128908
1001128909
1001128917
1001128918
1001128919
1001128925
1001128926
1001128928
1001128929
1001128930
1001128935
1001128942
1001128951
1001128954
1001128955
1001128956
1001128974
1001128978
1001128979
1001128994
1001128998
1001129030
1001129034
1001129076
1001129082
1001129102
1001129114
1001129122
1001129130
1001129138
1001129150
1001129152
1001129153
1001129154
1001129155
1001129156
1001129157
1001129158
1001129159
1001129160
1001129161
1001129162
1001129163
1001129164
1001129165
1001129166
1001129167
1001129168
1001129169
1001129170
1001129171
1001129172
1001129173
1001129174
1001129175
1001129176
1001129177
1001129178
1001129179
1001129180
1001129181
1001129182
1001129183
1001129184
1001129185
1001129186
1001129274
1001129278
1001129290
1001129310
1001129326
1001129342
1001129358
1001129370
1001129398
1001129402
1001129406
1001129442
1001129446
1001129450
1001129462
1001129498
1001129514
1001129518
1001129522
1001129530
1001129534
1001129539
1001129546
1001129562
1001129586
1001129590
1001129598
1001129602
1001129606
1001129634
1001129650
1001129670
1001129686
1001129694
1001129710
1001129722
1001129726
1001129984
1001129988
1001129992
1001129996
1001129997
1001129998
1001129999
1001130000
1001130006
1001130007
1001130015
1001130016
1001130017
1001130018
1001130019
1001130020
1001130023
1001130024
1001130026
1001130027
1001130028
1001130035
1001130037
1001130039
1001130045
1001130047
1001130059
1001130060
1001130069
1001130070
1001130075
1001130090
1001130093
1001130096
1001130103
1001130104
1001130106
1001130107
1001130112
1001130113
1001130114
1001130123
1001130124
1001130125
1001130127
1001130129
1001130137
1001130138
1001130141
1001130144
1001130147
1001130150
1001130151
1001130155
1001130159
1001130161
1001130163
1001130166
1001130182
1001130187
1001130189
1001130192
1001130196
1001130198
1001130199
1001130207
1001130214
1001130216
1001130220
1001130221
1001130224
1001130225
1001130229
1001130230
1001130231
1001130234
1001130236
1001130238
1001130240
1001130242
1001130246
1001130249
1001130251
1001130258
1001130260
1001130261
1001130263
1001130264
1001130267
1001130270
1001130273
1001130274
1001130275
1001130284
1001130287
1001130288
1001130289
1001130292
1001130294
1001130301
1001130304
1001130305
1001130306
1001130310
1001130312
1001130313
1001130315
1001130319
1001130322
1001130325
1001130326
1001130330
1001130331
1001130339
1001130348
1001130350
1001130354
1001130365
1001130368
1001130369
1001130372
1001130379
1001130383
1001130384
1001130385
1001130386
1001130389
1001130391
1001130396
1001130397
1001130402
1001130403
1001130404
1001130407
1001130409
1001130410
1001130412
1001130413
1001130414
1001130417
1001130423
1001130424
1001130431
1001130437
1001130449
1001130451
1001130453
1001130460
1001130470
1001130473
1001130475
1001130476
1001130481
1001130484
1001130486
1001130494
1001130498
1001130503
1001130506
1001130508
1001130513
1001130514
1001130515
1001130516
1001130524
1001130527
1001130529
1001130531
1001130532
1001130537
1001130540
1001130546
1001130552
1001130558
1001130561
1001130564
1001130566
1001130574
1001130575
1001130576
1001130582
1001130585
1001130588
1001130599
1001130612
1001130613
1001130614
1001130621
1001130622
1001130623
1001130624
1001130630
1001130634
1001130639
1001130643
1001130644
1001130647
1001130652
1001130660
1001130664
1001130670
1001130676
1001130685
1001130687
1001130691
1001130694
1001130697
1001130699
1001130705
1001130712
1001130717
1001130720
1001130724
1001130728
1001130731
1001130733
1001130734
1001130735
1001130736
1001130737
1001130741
1001130743
1001130746
1001130747
1001130748
1001130749
1001130750
1001130754
1001130761
1001130762
1001130763
1001130765
1001130768
1001130773
1001130779
1001130784
1001130786
1001130790
1001130799
1001130801
1001130803
1001130812
1001130825
1001130826
1001130832
1001130834
1001130836
1001130842
1001130843
1001130844
1001130846
1001130850
1001130853
1001130855
1001130869
1001130870
1001130875
1001130883
1001130886
1001130892
1001130899
1001130901
1001130909
1001130911
1001130913
1001130914
1001130920
1001130923
1001130928
1001130929
1001130935
1001130940
1001130941
1001130942
1001130943
1001130947
1001130954
1001130957
1001130970
1001130989
1001140224
1001140227
1001140229
1001140234
1001140238
1001140240
1001140244
1001140250
1001152449
1001152453
1001152454
1001152460
1001152466
1001152468
1001152469
1001152475
1001152477
1001152481
1001152482
1001152485
1001152486
1001152489
1001152494
1001152495
1001152496
1001152504
1001152505